GIS/Analysis1_curmap_1_2.asc
ncols         189
nrows         76
xllcorner     -82.0516422641
yllcorner     26.6822565333
cellsize      0.005
NODATA_value  -1
[rows 26 to 51 of 76, columns 0 to 56 of 189]
0.01024889955 0.01532772185 0.0169479079 0.01966370967 0.02479643067 0.02859785542 0.02910070734 0.02714708477 0.02651223471 0.02659325377 0.02710119023 0.02783072741 0.02878824201 0.03000910058 0.03157279574 0.0336490188 0.0366413053 0.04173355343 0.04273454748 0.03791384679 0.03016854353 0.02548757474 0.0213452557 0.01587374426 0.008025182573 0 0 0 0 0 0 0 0 0 0 0 0 0 0 0 0 0 0 0 0.01252660665 0.01879535086 0.02023040963 0.02159962432 0.02341808802 0.02730186307 0.03143265545 0.03598886462 0.04118631866 0.04730109024 0.05470757971 0.06394161057 0.07581324094
0.01139556959 0.01687670806 0.01836134878 0.02055358366 0.02313301862 0.02522615593 0.02609257581 0.02604550066 0.02592729095 0.02629053609 0.02696936693 0.02780095365 0.02881761716 0.03005637679 0.03156971724 0.03342889149 0.0356737206 0.03757883497 0.03785965526 0.03585464548 0.032616338 0.0294781886 0.02752904185 0.0224701615 0 0 0 0 0 0 0 0 0 0 0 0 0 0 0 0 0 0 0 0 0.01552755964 0.02301941286 0.02436069008 0.02558456587 0.02686467455 0.02876233364 0.03258254991 0.03678110277 0.04155371964 0.04713678819 0.05384377122 0.06213190167 0.0727535132
0.01224394422 0.01791932306 0.01906116216 0.02054319523 0.02213443654 0.02347484389 0.02431630777 0.02470027604 0.02514232172 0.02586928782 0.02668205079 0.02758806276 0.02862955338 0.02983598287 0.03122513441 0.03277863647 0.03433920941 0.03553299594 0.03591496706 0.03534697402 0.03415052882 0.03286733985 0.03228870971 0.02274507103 0 0 0 0 0 0 0 0 0 0 0 0 0 0 0 0 0 0 0 0 0.01875865129 0.02751705962 0.02862192586 0.02951157041 0.03047151758 0.03174106642 0.03364298385 0.03701030024 0.04113125812 0.04588549115 0.05172232843 0.05950580411 0.06982001058
0.01281133104 0.01855012504 0.0193541702 0.02035842171 0.02141642408 0.02235756358 0.02306634284 0.02371519746 0.0245260362 0.02540972909 0.02629435902 0.02723708766 0.02827461552 0.02942655499 0.03069093309 0.0320244751 0.03331714657 0.03440152542 0.03513645989 0.03551908177 0.03570282491 0.03584724496 0.03579929394 0.02509950693 0 0 0 0 0 0 0 0 0 0 0 0 0 0 0 0 0 0 0 0 0.02243929706 0.03252875201 0.03310555993 0.03334482278 0.0337485192 0.03460491867 0.0360580021 0.03821560806 0.04133770736 0.04551488798 0.05064397981 0.05721699827 0.06615359582
0.01314776545 0.01888089608 0.01942399972 0.02010574815 0.02083408567 0.02151529353 0.02224628903 0.02312954784 0.02404874479 0.02494143817 0.02584263137 0.02678703038 0.02780015958 0.02889459574 0.03006563182 0.0312855248 0.03250420234 0.0336702514 0.03477593362 0.03590272791 0.03721699038 0.03880376932 0.04003785559 0.02847111778 0 0 0 0 0 0 0 0 0 0 0 0 0 0 0 0 0 0 0 0 0.02710835556 0.03854392179 0.03787496515 0.03692290462 0.03653920754 0.03686606842 0.03791571978 0.03970363975 0.04227373454 0.04570207352 0.05009181093 0.05555001907 0.06209869694
0.01330664138 0.01899497314 0.01934674046 0.01980441663 0.02035335706 0.02106082325 0.02189270736 0.0227461641 0.02360239841 0.02446349753 0.02534457925 0.02626461671 0.02723969014 0.02827902916 0.02938304907 0.03054437688 0.03175578721 0.03302958971 0.0344288281 0.03610469203 0.03833460813 0.04157235891 0.04614296438 0.03430395875 0 0 0 0 0 0 0 0 0 0 0 0 0 0 0 0 0 0 0 0 0.03438796836 0.04656137789 0.04239591412 0.03981665101 0.03860563882 0.03840981474 0.03904449832 0.04041934867 0.0424968943 0.04526386898 0.04869955851 0.05271920536 0.05704665016
0.01333610199 0.01897513624 0.01925022704 0.01967570997 0.02023040022 0.02088410277 0.02160488293 0.02236681136 0.02315502358 0.02396638184 0.02480645928 0.02568505026 0.0266122195 0.02759596056 0.02864210331 0.02975761693 0.03095925429 0.03228957533 0.03384209481 0.03580045618 0.03851610322 0.04273008411 0.05091164607 0.05227118944 0 0 0 0 0 0 0 0 0 0 0 0 0 0 0 0 0 0 0 0 0.05459667331 0.0531089939 0.04503728619 0.04142273101 0.03970117015 0.03914821325 0.03944758164 0.04043961645 0.04203011021 0.04414297463 0.04667956751 0.04946506518 0.05217015298
0.01329814873 0.01893384269 0.01920024225 0.01958337966 0.02007027428 0.02064234579 0.02127961093 0.0219649649 0.02268716409 0.02344170004 0.02422975099 0.02505612357 0.02592728228 0.02685037158 0.02783398653 0.02889152067 0.03004804687 0.03135172319 0.03289118498 0.0348234423 0.03742768346 0.04124086618 0.04714741292 0.05333419209 0.05140679501 0.03338543066 0.02775267469 0.02480066571 0.02299149253 0.02180246084 0.02100737831 0.02049271075 0.02019727096 0.02009395899 0.0202269192 0.02053485935 0.02103692672 0.02177123658 0.02280601083 0.02426505956 0.02639189842 0.0297449225 0.03596045184 0.0553609136 0.05716689275 0.05040455542 0.04462415071 0.04138292564 0.03971576091 0.03907132128 0.03917457599 0.03986639316 0.04103546915 0.04257860292 0.04436793161 0.04621704598 0.04785116571
0.01317360477 0.01876836997 0.01903085766 0.01938551835 0.01982454355 0.02033636831 0.0209081785 0.0215284331 0.02218872004 0.02288454865 0.02361511595 0.02438246278 0.02519062314 0.02604535717 0.02695498175 0.02793272269 0.02900084344 0.03019649414 0.03157866487 0.03323410806 0.03527253003 0.03774496966 0.04014058547 0.04599148355 0.04943002236 0.04455623409 0.0386467127 0.0349467407 0.03250194028 0.03083166081 0.02968273658 0.02891494078 0.02844775891 0.02825631352 0.0285096698 0.02900073355 0.02975866941 0.03083652078 0.03232421647 0.03437519206 0.03726303418 0.04150308283 0.04811351231 0.05363689454 0.05037400261 0.04398050154 0.0417985988 0.03992728179 0.03877089058 0.03827535003 0.03832517624 0.03881790967 0.03965987409 0.04075113624 0.04196875505 0.04315178858 0.04409529028
0.01298211262 0.01850654308 0.01876755931 0.01910212864 0.01950564508 0.01997084122 0.02048932308 0.02105311642 0.02165586929 0.02229349146 0.02296423308 0.02366839831 0.02440800657 0.02518673027 0.02601034857 0.02688778874 0.02783250586 0.02886328919 0.03000214786 0.03126308297 0.03261360096 0.03386139828 0.03626269256 0.03947043057 0.04070162536 0.03939277221 0.03665828222 0.03402855165 0.03199732897 0.03048868923 0.02939081845 0.02861780492 0.02811094976 0.02787588159 0.02821262351 0.02876216062 0.02955278301 0.03062883039 0.03205671877 0.03393202537 0.03637826682 0.03948148536 0.04272325287 0.04449126733 0.0436386053 0.04081363504 0.0383009602 0.03768738628 0.03716629869 0.03694032903 0.03703583271 0.03741847659 0.0380282125 0.03878560396 0.03958949387 0.04031452523 0.04081485744
0.01273826335 0.0181690407 0.01842952826 0.01874897691 0.01912473652 0.01955218544 0.02002568612 0.02053955816 0.02108886987 0.02166992134 0.02228040507 0.02291932698 0.02358683407 0.02428408979 0.0250132394 0.02577732116 0.02657962805 0.02742133835 0.02829498031 0.0291687851 0.02995380098 0.0308743561 0.03317642436 0.03503007737 0.03582180288 0.03537816666 0.03406395898 0.03246068657 0.03097396406 0.02974482878 0.02878213959 0.0280603885 0.02755027563 0.02730164995 0.02770615844 0.02828702617 0.02906774499 0.03007797739 0.03135242182 0.03292216492 0.0347824307 0.03678912874 0.03851962097 0.03936996318 0.03897287829 0.03753256798 0.03574275065 0.03524395745 0.035229242 0.03527142324 0.03545356371 0.03578682712 0.03624252388 0.03676596673 0.03728202017 0.03769909558 0.03791607191
0.01245320003 0.01777169559 0.01803170913 0.01833891614 0.01869183996 0.01908748254 0.01952192643 0.01999095226 0.02049055984 0.02101731102 0.02156846757 0.02214195458 0.02273619635 0.02334985051 0.02398139032 0.02462831229 0.02528548704 0.02594174902 0.02657328408 0.02713211546 0.02753017531 0.02888196154 0.03054645527 0.03179661164 0.03240453336 0.03230610235 0.03164644477 0.03068717821 0.02966669268 0.02872865371 0.02793276434 0.02729306608 0.0268045777 0.02657049065 0.02702482937 0.02761399016 0.02835511078 0.02926328623 0.03034677064 0.03159410836 0.0329460384 0.03425522006 0.03527549017 0.03573829008 0.03549997837 0.03463675041 0.03339167378 0.03289552713 0.03319965297 0.03344412752 0.03370997503 0.03402573915 0.03438318521 0.03474861648 0.03507019919 0.0352840545 0.03532143651
0.01213567219 0.01732698949 0.01758609472 0.01788268075 0.01821595334 0.01858389968 0.01898366551 0.01941194713 0.01986532775 0.0203405001 0.020834352 0.02134390655 0.0218661177 0.02239750333 0.02293352668 0.02346754232 0.02398898909 0.02448036987 0.02491261682 0.02523915253 0.02572757676 0.02708883179 0.02833242888 0.0292636213 0.02977341844 0.02983340393 0.02951129525 0.02893791272 0.0282517874 0.02755896561 0.02692279352 0.02637309749 0.02591908765 0.02572223421 0.02620848037 0.02678868749 0.02747401103 0.02826874772 0.02916538574 0.03013499434 0.03111362251 0.03199270127 0.03262998557 0.03289196226 0.03271155623 0.03212118759 0.03123394326 0.0308106204 0.03120899929 0.03158020895 0.03190626706 0.03221587143 0.03251063894 0.03277146116 0.03296444557 0.03304661781 0.03297208238
0.01179272576 0.01684501578 0.01710254522 0.01738939373 0.01770514508 0.0180483712 0.01841686609 0.01880788879 0.01921837333 0.01964506077 0.02008452701 0.02053309182 0.02098658887 0.02143996249 0.02188662431 0.02231745827 0.02271932974 0.02307300263 0.02335062014 0.0235135583 0.02432475902 0.02546058151 0.0264385883 0.02717955963 0.02762596493 0.02776352771 0.02762735302 0.02728846718 0.0268294348 0.026322851 0.02582080003 0.02535445262 0.02493848419 0.02479482434 0.02529682077 0.02585652737 0.02648044671 0.02716655189 0.02790080654 0.02865205117 0.02936730183 0.02997214145 0.03038173769 0.0305232446 0.03036082563 0.02990872302 0.02922346913 0.02892125659 0.02931406726 0.0297516049 0.03011105463 0.030414857 0.03066773671 0.0308594294 0.03096856051 0.03096701526 0.03082468266
0.01143015973 0.01633411645 0.01658932131 0.01686690138 0.01716663237 0.01748742201 0.01782745055 0.01818432079 0.01855517892 0.0189367794 0.01932547483 0.0197171044 0.02010676398 0.02048843536 0.02085442919 0.02119460253 0.0214953411 0.02173837715 0.021899751 0.0221485798 0.02305282914 0.02398844127 0.02478822059 0.02540435767 0.02580395604 0.02597899765 0.0259490224 0.02575500249 0.02544765686 0.02507572806 0.02467832253 0.0242821675 0.02390221938 0.0238212255 0.02432555073 0.02485782685 0.02542135647 0.02601124702 0.02661247385 0.02719780091 0.02772704653 0.02814986251 0.0284136132 0.02847540244 0.0283138554 0.02793483939 0.02736785387 0.02714474959 0.02753301326 0.02799546904 0.02836608952 0.02866030895 0.02888273491 0.02902795045 0.02908273914 0.02902908127 0.02884754918
0.01105282461 0.01580128651 0.01605343124 0.01632200045 0.0166068487 0.01690706641 0.01722106443 0.01754665782 0.01788113143 0.01822126235 0.0185632838 0.01890277451 0.01923445704 0.01955189103 0.01984705477 0.02010981549 0.02032733191 0.02048352722 0.02055889369 0.02099339752 0.02186371893 0.02265260002 0.02332603937 0.02385371842 0.02421548733 0.02440631153 0.02443753364 0.02433382546 0.02412715301 0.02385016432 0.02353106363 0.0231908157 0.02284237003 0.02282810403 0.0233243492 0.02382555078 0.02433297459 0.02484094092 0.02533594414 0.02579614574 0.02619208272 0.02648946206 0.02665434991 0.02665984735 0.02649204239 0.02615273535 0.0256576348 0.02548596811 0.02586685352 0.02632815807 0.02669414912 0.02697450783 0.02717260065 0.02728545838 0.02730493987 0.02721965225 0.02701725145
0.01066481511 0.01525245679 0.01550087135 0.0157605955 0.01603149593 0.01631275809 0.01660293075 0.01689997122 0.0172012741 0.01750366994 0.01780338097 0.01809592285 0.01837594491 0.01863700492 0.01887128902 0.01906930017 0.01921957516 0.01930855491 0.01939036842 0.02000244442 0.02075524097 0.02143317345 0.02201273083 0.02247378209 0.02280319058 0.02299741844 0.0230631488 0.02301564428 0.02287542828 0.02266440908 0.02240250955 0.02210540383 0.02178340682 0.02183583009 0.02231641041 0.02278503565 0.02324173536 0.02368106082 0.0240917895 0.02445709772 0.02475561535 0.02496366029 0.02505859134 0.02502265367 0.02484617762 0.02452898328 0.02407943587 0.02394036484 0.02430984669 0.02475462893 0.02510584697 0.02536901539 0.02554612745 0.02563535667 0.02563162704 0.02552777927 0.02531608134
0.01026961503 0.0146926846 0.01493679218 0.0151878139 0.01544559516 0.01570936671 0.01597776671 0.01624886054 0.01652014986 0.01678856016 0.01705039868 0.01730127679 0.01753599592 0.01774839959 0.01793121025 0.01807587961 0.01817250946 0.01820993101 0.01839642435 0.01906205876 0.01972150311 0.02031308621 0.02082006748 0.02122849323 0.02152928781 0.02171969427 0.0218035863 0.02179052104 0.02169381446 0.0215281822 0.0213075179 0.02104319985 0.02074304705 0.02085923306 0.02131896023 0.02175482981 0.02216614139 0.02254806323 0.02289161125 0.0231840487 0.02340987061 0.02355245515 0.02359623859 0.02352900932 0.02334372607 0.02303930228 0.02262009824 0.02250021638 0.02285407648 0.02327393374 0.02360447042 0.02384838751 0.02400653432 0.02407757706 0.02405825478 0.0239440636 0.0237302256
0.009870193288 0.0141262864 0.01436561328 0.01460809203 0.01485353056 0.01510118081 0.01534974615 0.01559738851 0.01584172705 0.01607982215 0.01630814282 0.01652251221 0.0167180339 0.01688901035 0.01702886585 0.0171301043 0.01718434835 0.01718250972 0.01753955452 0.0181717769 0.01875576926 0.01927841753 0.01972744851 0.02009279253 0.02036783506 0.02055024198 0.02064211852 0.02064943086 0.02058083374 0.02044618874 0.02025508601 0.02001561642 0.01973351655 0.01990863847 0.0203442274 0.0207479513 0.0211186864 0.02145228698 0.02174167111 0.02197723506 0.02214765712 0.02224107524 0.02224651062 0.02215528729 0.02196211765 0.02166557412 0.02126781889 0.02115715333 0.02149135919 0.02188225109 0.02218911252 0.022412836 0.02255343802 0.02260978071 0.02257966182 0.02246022323 0.02224855147
0.00946906787 0.01355694001 0.01379111784 0.01402524711 0.01425909384 0.01449192139 0.01472249059 0.01494905893 0.01516937606 0.01538067126 0.01557962953 0.01576235991 0.01592435731 0.01606046701 0.01616486817 0.01623109837 0.01625214783 0.01630126644 0.01676205558 0.01732959158 0.01785160821 0.01831801858 0.01871956735 0.0190487104 0.01930038634 0.01947250604 0.01956603043 0.0195846002 0.01953379608 0.01942017954 0.01925029706 0.01902980625 0.01876281717 0.01899089907 0.01940050813 0.01977315422 0.0201074772 0.02039995436 0.02064501211 0.02083538003 0.02096270541 0.02101838176 0.02099449108 0.02088471154 0.02068499641 0.02039387408 0.02001231729 0.01990313467 0.02021397568 0.02057450951 0.02085660091 0.02106003124 0.02118426579 0.0212282354 0.02119036616 0.02106880539 0.02086179464
0.009068372765 0.0129877641 0.0132165248 0.01344253751 0.01366552931 0.01388477388 0.01409908787 0.01430682865 0.01450588922 0.01469368922 0.01486716393 0.01502274961 0.01515637038 0.0152634382 0.01533887282 0.01537715966 0.01537246831 0.01550582777 0.01601976876 0.01653291311 0.01700329089 0.01742299094 0.01778484484 0.01808300409 0.01831342852 0.01847418513 0.01856548393 0.01858943299 0.01854955539 0.01845015518 0.01829563975 0.01808990109 0.01783582469 0.01811029135 0.01849313389 0.01883602714 0.01913749078 0.01939452305 0.01960270443 0.01975648053 0.01984960882 0.01987574155 0.01982906005 0.0197048674 0.01950003209 0.01921319249 0.01884470033 0.01873078066 0.01901489848 0.01934523322 0.01960263558 0.01978624634 0.01989519312 0.01992843991 0.01988478511 0.01976298857 0.01956200049
0.008669899141 0.01242138219 0.01264454784 0.01286271557 0.0130755782 0.01328242205 0.01348212254 0.01367314086 0.01385352077 0.01402088604 0.0141724372 0.01430495152 0.01441478865 0.01449791113 0.01454992505 0.0145661543 0.01454175978 0.01481147333 0.01531206166 0.01577904508 0.01620586636 0.01658620374 0.01691436432 0.01718567349 0.01739679192 0.01754589996 0.01763271487 0.01765832442 0.0176248622 0.01753508285 0.01739189584 0.0171979285 0.01695516851 0.01726923403 0.01762526963 0.01793986992 0.01821150468 0.0184375938 0.01861459032 0.0187381919 0.01880366648 0.01880625863 0.01874162012 0.01860621043 0.01839759478 0.01811459135 0.01775725555 0.01763343115 0.01788780509 0.01818896363 0.01842244928 0.01858706388 0.01868175759 0.0187055254 0.01865739687 0.01853649872 0.01834220349
0.008275131081 0.0118599761 0.01207745159 0.01228807949 0.01249152517 0.01268709204 0.0128737173 0.01304996816 0.01321404283 0.01336377242 0.01349662417 0.01360971189 0.01369981449 0.01376340624 0.01379670902 0.01379576998 0.01381780661 0.01417804259 0.01463791786 0.01506540298 0.0154551108 0.0158018968 0.01610113713 0.01634899534 0.01654263166 0.01668032282 0.01676146788 0.01678647213 0.01675652891 0.01667332855 0.0165387347 0.01635447843 0.0161239431 0.01646883416 0.01679853611 0.01708635856 0.01733076969 0.01752952614 0.01767973772 0.01777802003 0.01782073037 0.0178042516 0.01772528813 0.01758114228 0.01736992107 0.01709064514 0.01674325607 0.01660510807 0.01682701561 0.01710045916 0.0173111686 0.01745780265 0.0175392458 0.01755453516 0.01750284436 0.01738352575 0.01719619101
0.007885284719 0.01130533916 0.01151709973 0.01172051889 0.01191524296 0.01210059642 0.01227557842 0.01243886373 0.01258880405 0.01272343263 0.01284047566 0.01293736758 0.01301127512 0.01305913623 0.01307771341 0.01306366684 0.01315909778 0.01357155929 0.01399615502 0.01438960705 0.01474743186 0.01506537087 0.01533959253 0.01556687686 0.01574475629 0.01587159678 0.01594659871 0.0159697152 0.01594150342 0.01586292366 0.01573511394 0.01555917521 0.01536454906 0.01570929411 0.01601347463 0.01627604064 0.01649549095 0.01666985326 0.01679673283 0.01687342504 0.01689708118 0.0168649094 0.0167743818 0.01662342737 0.0164105797 0.01613506023 0.01579679736 0.01564044804 0.01582741929 0.01607478698 0.01626402426 0.01639377204 0.01646292409 0.01647057401 0.01641599931 0.01629868096 0.01611835672
0.007501337865 0.01075891418 0.01096499609 0.01116155953 0.01134823671 0.011524376 0.01168904106 0.01184101106 0.01197878546 0.01210059188 0.01220439928 0.01228793815 0.01234872865 0.0123841187 0.01239133726 0.0123675623 0.01257168982 0.01299165906 0.01338554277 0.01374950445 0.01407976439 0.01437274462 0.01462521252 0.01483441358 0.01499817091 0.01511493695 0.01518379558 0.01520440611 0.01517689826 0.01510173424 0.01497955213 0.01481101328 0.01467080903 0.01499020695 0.01526988995 0.01550869479 0.0157051708 0.01585756757 0.01596387063 0.01602188214 0.01602934006 0.01598406078 0.01588408472 0.01572781446 0.01551412229 0.01524241568 0.0149126612 0.01473462383 0.01488438912 0.01510734037 0.0152764408 0.01539039434 0.01544815592 0.01544889309 0.01539196681 0.01527693504 0.01510358018
0.007124053223 0.01022183766 0.0104223289 0.01061240349 0.01079168421 0.01095954635 0.01111511627 0.01125727393 0.01138465864 0.01149567903 0.0115885283 0.01166120577 0.01171154584 0.01173725539 0.01173596298 0.0117463626 0.01204531151 0.01243782074 0.0128048672 0.01314316155 0.0134494798 0.01372077283 0.01395427168 0.01414758443 0.01429876631 0.01440635703 0.01446938208 0.01448731403 0.01446000046 0.01438756797 0.01427031219 0.01410859126 0.01401580745 0.01431076486 0.01456709539 0.01478358545 0.01495884849 0.01509131903 0.01517927906 0.01522091477 0.01521440392 0.01515801735 0.01505022264 0.01488978482 0.01467584644 0.01440797949 0.0140862113 0.01388327795 0.01399371544 0.01419383291 0.01434407737 0.01444326803 0.01449046393 0.01448492979 0.01442610518 0.0143135919 0.01414716435
