GIS/Analysis1_curmap_1_2.asc
ncols         189
nrows         76
xllcorner     -82.0516422641
yllcorner     26.6822565333
cellsize      0.005
NODATA_value  -1
[rows 0 to 25 of 76, columns 0 to 56 of 189]
0.000207068563 0.0007084996304 0.001236605092 0.001804652058 0.002424956977 0.003105365881 0.003848213178 0.004650027969 0.005502334216 0.006393556149 0.007311599058 0.008246368387 0.009191470636 0.01014468754 0.0111072935 0.01208262236 0.01307437313 0.01408500006 0.01511434078 0.01615853352 0.01720929126 0.0182536813 0.01927461964 0.02025223315 0.02116601968 0.02199744817 0.02273237759 0.02336265492 0.02388648506 0.02430756969 0.02463337596 0.02487306822 0.02503558025 0.02512809773 0.02515501964 0.02514078612 0.02506413497 0.02491684657 0.02469042739 0.02437331583 0.02395189988 0.02341211904 0.02274158946 0.02193196211 0.02098096795 0.01989352916 0.01868148825 0.01736189418 0.01595424639 0.01447734506 0.01294631064 0.01136984113 0.00974675384 0.008058127509 0.00623902458 0.003982332405 0
0.0006980976543 0.001214341009 0.001930301886 0.002739237775 0.00363130124 0.004616764423 0.005696948697 0.006863756811 0.008101227795 0.009389139205 0.0107077325 0.01204201901 0.01338421904 0.01473377106 0.01609539827 0.01747627114 0.01888320805 0.02032034862 0.02178731629 0.02327777092 0.02477837761 0.02626848009 0.02772091828 0.02910435438 0.0303870246 0.03154122712 0.03254732831 0.03339606832 0.03408853155 0.03463399167 0.0350465519 0.03534162793 0.03553306035 0.03563113057 0.03564138466 0.03564250333 0.03556738829 0.03539918768 0.03512678321 0.03473386652 0.03420000998 0.0335027116 0.03262053683 0.03153708591 0.03024492195 0.02874822715 0.02706312827 0.02521531818 0.02323563396 0.02115489047 0.01899933523 0.01678749419 0.01452862524 0.01222413852 0.009886944806 0.007893393683 0.005887695826
0.001163447041 0.00187914744 0.002260360045 0.002940744774 0.003846277722 0.004864060638 0.005993171007 0.007219807108 0.008519341902 0.009862011112 0.01122064368 0.01257738099 0.01392659832 0.01527335 0.01662897083 0.01800627522 0.01941594322 0.02086426953 0.0223516685 0.02387135526 0.02540807155 0.02693731339 0.02842592728 0.02983497294 0.03112504251 0.0322629842 0.03322786939 0.03401392438 0.03462941532 0.03509226711 0.03542441997 0.03564688942 0.03577652561 0.03582444375 0.03579552563 0.03582617987 0.03580160804 0.03569774793 0.03550462635 0.03520543624 0.03477677708 0.03419014635 0.03341538482 0.03242619465 0.03120663944 0.02975642066 0.02809261328 0.02624679753 0.02425864672 0.02216849204 0.02001155409 0.01781555221 0.01560293388 0.01340181356 0.01128802335 0.009439008343 0.007091324991
0.001583304013 0.002473541415 0.002878461416 0.003389728212 0.004067243785 0.004995944381 0.006188325294 0.007501225688 0.008895175162 0.01032204117 0.01173949365 0.01312365688 0.01447328079 0.01580434824 0.01714009708 0.01850256958 0.01990829834 0.02136701968 0.02288122224 0.0244450862 0.02604249716 0.02764482968 0.0292102076 0.03068646219 0.03201906545 0.03316264351 0.03409166796 0.03480527517 0.0353240238 0.03568079372 0.03591059603 0.03604321251 0.03609985311 0.03609275963 0.03602606776 0.03608391448 0.0361132035 0.0360835325 0.03598650093 0.03580479705 0.03551082027 0.03506671744 0.03442778998 0.03355059535 0.03240456627 0.03098280291 0.02930655902 0.02742063175 0.02538184659 0.02324631186 0.02106077313 0.01886044256 0.01667317385 0.01452915792 0.01246619381 0.01100962818 0.009640976645
0.001935763961 0.002965511788 0.00338782157 0.003957145894 0.004672979735 0.00551692519 0.006492774255 0.007698471101 0.009239927845 0.0107978141 0.01229929856 0.0137099287 0.01504036682 0.01632984797 0.01762261344 0.0189535798 0.02034561696 0.02181195849 0.02335814622 0.0249815017 0.02666778764 0.02838577944 0.03008251318 0.03168432142 0.03310851965 0.03428492076 0.03517773892 0.03579514733 0.0361808958 0.03639434994 0.0364911843 0.03651279473 0.03648455808 0.03641862145 0.03631733157 0.03639781491 0.03648162582 0.03653408653 0.03654993576 0.03651313216 0.03639251382 0.03613807027 0.03568225348 0.03495138592 0.03388741887 0.03247126393 0.03073379485 0.02874665643 0.02659841638 0.02437021827 0.02212217845 0.01989251709 0.01770475312 0.01557631544 0.01375908926 0.01306712748 0.0126216978
0.00219723423 0.00331911604 0.003747525897 0.004372636936 0.005206000933 0.006233133102 0.007397536856 0.008597475167 0.009739005575 0.01134366628 0.01296594879 0.01438521945 0.01564851135 0.01684810785 0.01806310648 0.0193408393 0.02070660831 0.02217490277 0.0237547462 0.02545004084 0.02725453835 0.0291408539 0.03104595665 0.03286326246 0.03445714117 0.03570562612 0.03655081498 0.03702101139 0.0372079548 0.03721948089 0.037141963 0.03702836844 0.03690422315 0.03677776743 0.03664726532 0.03674381684 0.03687926981 0.03701824769 0.03716162502 0.03729938897 0.03740191849 0.0374078018 0.03721598662 0.03669793137 0.03573930399 0.03429452444 0.03241555485 0.03023035502 0.02788751271 0.02550687429 0.02316077056 0.02088135881 0.01867723874 0.01665770424 0.01586497117 0.01515435325 0.01479810036
0.002344700494 0.003497554199 0.00390895183 0.00457212086 0.005531758009 0.006796897822 0.008302169103 0.009890617403 0.01132915316 0.0123887959 0.01387352472 0.0152289055 0.0163101246 0.01733981451 0.01843508733 0.01963735663 0.02096386342 0.022425245 0.02403347406 0.02580370173 0.02774878183 0.02986229374 0.03208533388 0.03426821366 0.03617303209 0.03756017353 0.03832001595 0.03853313157 0.03840114745 0.03812231804 0.03782073392 0.03754982139 0.03732360401 0.03713933181 0.03698787858 0.03709227333 0.03727176862 0.0374951939 0.03777364556 0.03811155218 0.03849464461 0.03886376191 0.03907801156 0.03890782615 0.0381118295 0.03657796974 0.03440829158 0.03185961303 0.02919801324 0.02659674757 0.02412621484 0.02179274008 0.01967266212 0.01877263117 0.01791966393 0.01708503884 0.01603720767
0.002370569776 0.003503584513 0.003875606091 0.004500522747 0.005533851082 0.007094506309 0.009095338356 0.01132356563 0.01337824977 0.01471424341 0.0155045319 0.01632546034 0.01697429329 0.01775096429 0.01869452174 0.01980828168 0.02108710522 0.02253021602 0.02415043112 0.02597841465 0.02806088121 0.03044521416 0.03312879972 0.03594302054 0.03845255821 0.04011522241 0.04067665606 0.04038062535 0.0397108549 0.0390263633 0.03845897327 0.03802266395 0.03769965952 0.03746757307 0.03730689292 0.03740980216 0.0376199778 0.03791571397 0.03832188383 0.03886734503 0.03957659766 0.04043904072 0.04131082302 0.04178657246 0.04130432618 0.03955217199 0.03677499668 0.03356323555 0.03041491987 0.02753862729 0.02494820137 0.02281606035 0.02177853412 0.02083823552 0.01994989023 0.01903702123 0.0179985893
0.002306905747 0.00346549109 0.003925699569 0.004702678143 0.00591249591 0.007952022964 0.01010904689 0.01270319116 0.01628370382 0.01833570635 0.01877005754 0.0173734779 0.0174868585 0.01798857199 0.01878118808 0.01981597665 0.0210504017 0.02246371046 0.02406517123 0.02590122067 0.02806259109 0.03068836247 0.03394145094 0.03783800121 0.04169177559 0.04398429615 0.04397513021 0.04250970872 0.04095652307 0.03978964191 0.03896052053 0.03838204617 0.03798601744 0.03772571725 0.03757093972 0.03766271419 0.03788428124 0.03822739078 0.03873091401 0.03945327959 0.04047875251 0.04191542863 0.0438313966 0.04570939241 0.04600332387 0.04368751675 0.03949274034 0.03509304475 0.03130997961 0.02818073268 0.02616646901 0.02486724989 0.02378256438 0.02284658781 0.02198553901 0.02112231295 0.02019471901
0.002113358933 0.003211315993 0.003677041703 0.004461886333 0.005844756077 0.007718969111 1 1 1 1 0.0190934406 0.0178663578 0.0176640122 0.01792982066 0.01862918045 0.01963072104 0.02084363378 0.02221991008 0.02375831064 0.02551377638 0.02761394664 0.03029309992 0.03396551099 0.03928971271 0.04649250952 0.05141877699 0.04852828989 0.04427095405 0.04176734868 0.04021679169 0.03921908324 0.03856543187 0.03814135139 0.03788175437 0.03775013366 0.03782178487 0.03803100964 0.03838421584 0.03892882456 0.03974545967 0.04097258802 0.04285908488 0.04587728084 0.05096590584 0.05469921507 0.04974690475 0.04190779349 0.03613847088 0.03237642756 0.02991299575 0.02808294353 0.02670047312 0.02563619447 0.02477788032 0.02402474576 0.02328705854 0.02249468643
0.001816585903 0.002775751702 0.003154835792 0.003699796788 0.004844060107 1 1 1 1 1 0.01770639725 0.01802202258 0.01724840979 0.01744818122 0.01818774516 0.01924595766 0.02048677249 0.0218301215 0.02325447522 0.02480978396 0.02663305135 0.02945455624 0.03361894846 0.04031677633 0.04999592671 0.05131901922 0.03606661741 0.03174927428 0.02966614594 0.02848175541 0.02775151703 0.0272864973 0.02699323986 0.02682203948 0.02674676546 0.02678454558 0.02691733256 0.0271565521 0.0275365494 0.02811886514 0.02901596512 0.0304512267 0.03294290804 0.03802849954 0.05557011001 0.05522970749 0.04559598345 0.03874403484 0.03437489834 0.03150513049 0.02955887507 0.02822064547 0.02728671395 0.02660625795 0.02605350255 0.02551676364 0.0248999516
0.001458563102 0.00223223739 0.002480287046 0.002793112109 0.003722987725 1 1 1 1 1 1 0.01654281557 0.01599011358 0.0164698063 0.01758135627 0.01885617265 0.02016295221 0.02146077099 0.02278209223 0.02424143141 0.02603713293 0.02849655155 0.03272606541 0.04064309736 0.043735795 0 0 0 0 0 0 0 0 0 0 0 0 0 0 0 0 0 0 0 0 0.05123736605 0.04855935674 0.03969453292 0.03506269528 0.03223267299 0.03045469196 0.02934989281 0.02868984396 0.02830999662 0.02806990872 0.0278338823 0.02746733546
0.001082902925 0.001664757173 0.001811930135 0.002256077627 0.002593721088 1 1 1 1 1 1 0.01315690981 0.01416511027 0.01571035705 0.01727564694 0.01897062726 0.02045682862 0.02164978148 0.02268274713 0.02378334687 0.02521790285 0.02728411812 0.03034494263 0.0345289626 0.02585441375 0 0 0 0 0 0 0 0 0 0 0 0 0 0 0 0 0 0 0 0 0.03219395095 0.04281570281 0.03770359615 0.03416501848 0.03199207541 0.03071322887 0.0300501282 0.02981849365 0.02987426211 0.03008088902 0.03028430093 0.03029726555
0.0007202430477 0.001132424097 0.001411723759 0.001781047783 0.001986598852 1 1 1 1 1 1 0.009623223101 0.01277823706 0.0153051545 0.01746746475 0.01982336736 0.02149488002 0.02243700002 0.02296060379 0.02341110101 0.02405730992 0.02511840576 0.02654049305 0.02754945779 0.01949501984 0 0 0 0 0 0 0 0 0 0 0 0 0 0 0 0 0 0 0 0 0.02615569947 0.03583254935 0.03368618993 0.03200033685 0.03090720241 0.0303801133 0.03032907173 0.03066147792 0.0312825599 0.03208303793 0.03291414259 0.03353250231
0.0003812343748 0.0007337965436 0.001142275826 0.001465166347 0.001652709385 1 1 1 1 1 1 1 1 0.01357795801 0.0177899664 0.02162182094 0.02343952289 0.02348671062 0.02338955185 0.02281228907 0.0223978388 0.02246827317 0.02268749653 0.02253352043 0.01557683906 0 0 0 0 0 0 0 0 0 0 0 0 0 0 0 0 0 0 0 0 0.02499578314 0.02939137269 0.02913635321 0.0291847464 0.02925160756 0.0295724297 0.03022455604 0.03121218177 0.032502069 0.03403195885 0.03570346915 0.03732174426
0.0001909287969 0.0006351138547 0.001030596384 0.001340640437 0.001530264737 1 1 1 1 1 1 1 1 1 1 1 0.02354888903 0.02574850423 0.02571425394 0.02177519538 0.02019245256 0.01960450332 0.01917454928 0.01852450291 0.01262056755 0 0 0 0 0 0 0 0 0 0 0 0 0 0 0 0 0 0 0 0.009339620085 0.01828079193 0.02298418097 0.02496317697 0.02626618749 0.02730192908 0.02841654509 0.02977541068 0.0314529771 0.03347247579 0.03582365214 0.0384807363 0.04146704363
0.0004056425053 0.0007652439924 0.001160935629 0.001456118794 0.001621983674 1 1 1 1 1 1 1 1 1 1 1 1 1 0.02525229483 0.02067981673 0.01766765755 0.01661155491 0.0159070995 0.01504891279 0.01012055327 0 0 0 0 0 0 0 0 0 0 0 0 0 0 0 0 0 0 0 0.01014085406 0.01608695969 0.01900283673 0.02158134334 0.02352099383 0.02522824818 0.02699336817 0.02899435205 0.03134234328 0.03410435797 0.03731312139 0.04097954386 0.04518434509
0.0007768192004 0.001188901749 0.001473847625 0.001767596554 0.001902200842 1 1 1 1 1 1 1 1 1 1 1 1 1 0.02227031495 0.0187191921 0.01599144673 0.01363895126 0.01281703454 0.01187827027 0.007864241402 0 0 0 0 0 0 0 0 0 0 0 0 0 0 0 0 0 0 0 0.009504522832 0.01461366625 0.01663182529 0.0188258117 0.02095591839 0.02306699319 0.02531636565 0.02785455046 0.03087804195 0.03428047694 0.03834543996 0.0430180523 0.04817158572
0.001218757637 0.001810229338 0.001956222696 0.002242405397 0.002362157954 1 1 1 1 1 1 1 1 1 1 1 1 1 0.0173382285 0.01621742903 0.0142194325 0.01190432791 0.009897260424 0.008903015539 0.005748161448 0 0 0 0 0 0 0 0 0 0 0 0 0 0 0 0 0 0 0 0.008044695166 0.01244208917 0.01421114402 0.01623848686 0.01842072206 0.02110368692 0.0242130212 0.0276377738 0.03126133526 0.03538365755 0.04000054752 0.04509203132 0.05095332328
0.001768644519 0.002594250755 0.002676959157 0.002926215283 0.003048931186 1 1 1 1 1 1 1 1 1 1 1 1 1 0.01450911625 0.01413610864 0.01274479048 0.01062306488 0.008096605929 0.006055034786 0.003708636564 0 0 0 0 0 0 0 0 0 0 0 0 0 0 0 0 0 0 0 0.006198986011 0.009834968318 0.0115552298 0.01374356571 0.01702533282 0.02069814535 0.02450892514 0.02850225472 0.03274398205 0.0373058186 0.04224436861 0.04818138471 0.05573810185
0.002468860325 0.003605307848 0.003634299906 0.003884883528 0.004038428844 1 1 1 1 1 1 1 1 1 1 1 1 1 0.01282350904 0.0132158078 0.01196145797 0.009696896311 0.007034555602 0.00421158823 0.001692293076 0 0 0 0 0 0 0 0 0 0 0 0 0 0 0 0 0 0 0 0.004110192657 0.006911490179 0.009354966819 0.01290029959 0.01662122949 0.02053282328 0.0246752933 0.02912031186 0.03397094151 0.03935997479 0.04544891546 0.05242875487 0.06053382951
0.003363150435 0.004915582302 0.00489740019 0.005211755103 0.005455222365 1 1 1 1 1 1 1 1 1 1 1 1 1 0.0131131639 0.0143327825 0.01221285926 0.00984936519 0.007071135915 0.004155066241 0.001352387015 0 0 0 0 0 0 0 0 0 0 0 0 0 0 0 0 0 0 0 0.00183900611 0.004888011242 0.008441442056 0.01214732855 0.01603491999 0.02014636041 0.02454833689 0.02934136051 0.03466783798 0.04072254876 0.04777194131 0.05619869243 0.06662886657
0.004483820941 0.00659081323 0.006627678039 0.007033147285 0.007521092332 1 1 1 1 1 1 1 1 1 1 1 1 1 1 0.01676303241 0.01421904322 0.01147535393 0.008402169547 0.005555245269 0.003320095409 0 0 0 0 0 0 0 0 0 0 0 0 0 0 0 0 0 0 0 0.001688635 0.005023208984 0.008623326304 0.01230146241 0.01609953974 0.02007341138 0.02430011126 0.02904367281 0.03465595078 0.04111987889 0.04877274144 0.05810117535 0.0698469986
0.005827025455 0.008643329549 0.0089637924 0.009574367613 0.0106941659 1 1 1 1 1 1 1 1 1 1 1 1 1 1 0.02109571461 0.01771550877 0.01370835179 0.01015687897 0.008672119041 0.005416018088 0 0 0 0 0 0 0 0 0 0 0 0 0 0 0 0 0 0 0 0.004206213011 0.006938712867 0.01022688259 0.01387392949 0.01758391642 0.02142554876 0.02548834577 0.03004631568 0.0354582725 0.04171122085 0.04914117429 0.05821173303 0.06966779763
0.00732661344 0.01096212775 0.01179215099 0.01252602008 0.01617026806 1 1 1 1 1 1 1 1 1 1 1 1 1 1 0.02845795733 0.02121143476 0.0161320546 0.01377648467 0.01160729677 0.007296433738 0 0 0 0 0 0 0 0 0 0 0 0 0 0 0 0 0 0 0 0.006889002883 0.01078126324 0.01219879403 0.01583769009 0.0196646628 0.02363954376 0.02787606491 0.03252130953 0.03776631567 0.04386366838 0.05115243353 0.06008480696 0.07134051903
0.00885235977 0.01329116758 0.01466166947 0.0167550685 0.02196606471 1 1 1 1 1 1 1 1 1 1 1 1 1 1 0.03529590969 0.02513584929 0.02096460319 0.01729646805 0.01388648702 0.008445120926 0 0 0 0 0 0 0 0 0 0 0 0 0 0 0 0 0 0 0 0.00965980707 0.0147311424 0.01617704399 0.01774674088 0.02160545215 0.02560119327 0.02986732142 0.03457188318 0.03992854129 0.04621739157 0.05381649878 0.06324149815 0.07517192935
