GIS/Analysis1_curmap_1_2.asc
ncols         189
nrows         76
xllcorner     -82.0516422641
yllcorner     26.6822565333
cellsize      0.005
NODATA_value  -1
[rows 0 to 25 of 76, columns 57 to 113 of 189]
0.001629820128 0.0006489097287 0 0 0 0 0 0 0 0 0 0 0 0 0 0 0 0 0 0 0 0 0 0 0 0 0 0 0 0 0.0003613955636 0.001230441748 0.002089588829 0.002931202237 0.003746216694 0.004522158311 0.005237649688 0.00584268834 0.006170474245 0.005518229213 0.007625274417 0.008516427467 0.009345090447 0.01008260553 0.01071555623 0.01122819921 0.01156079507 0.01161020113 0.01124312624 0.009307611391 0 0 0 0 0 0 0
0.00323062888 0.002316006711 0 0 0 0 0 0 0 0 0 0 0 0 0 0 0 0 0 0 0 0 0 0 0 0 0 0 0 0 0.001234472057 0.002109242223 0.003326728743 0.004517351153 0.005669109471 0.006766558958 0.007786671666 0.008690702702 0.009403555783 0.01126190531 0.01120882114 0.01245392686 0.01366953764 0.01464367789 0.01551466515 0.01623712425 0.01673875181 0.01692148706 0.01731199406 0.01842568664 0.02164331495 0.0179548827 0.01642662166 0.01321978632 0 0 0
0 0.00455463369 0 0 0 0 0 0 0 0 0 0 0 0 0 0 0 0 0 0 0 0 0 0 0 0 0 0 0 0 0.002117969158 0.003346498105 0.003871604923 0.005070771928 0.006231088555 0.007342001386 0.008393589374 0.009386282427 0.01042376078 0.01142544064 0.01094637373 0.01364145761 0.01432723274 0.01525245767 0.01612117933 0.01687916906 0.01750021275 0.01795494829 0.01896485504 0.02176904836 0.02486573672 0.02543092198 0.02507457145 0.02606213145 0.03001897597 0.02447812027 0.02204897975
0.006057411888 0.003261889515 0 0 0 0 0 0 0 0 0 0 0 0 0 0 0 0 0 0 0 0 0 0 0 0 0 0 0 0 0.003017455455 0.004619976212 0.005093857783 0.005662815566 0.006842307879 0.007977857167 0.009068374466 0.01012654636 0.0111599963 0.01206810717 0.01453795076 0.01398085693 0.01493193439 0.01596678057 0.01682434274 0.01765704606 0.01844048975 0.01921096119 0.02023459147 0.02198849856 0.02375566299 0.02537004494 0.02703639782 0.03054678477 0.03443207204 0.03476256807 0.03376273892
0.01266880696 0 0 0 0 0 0 0 0 0 0 0 0 0 0 0 0 0 0 0 0 0 0 0 0 0 0 0 0 0 0.00393895348 0.005927310539 0.006401791521 0.00683156447 0.007498493538 0.008661717131 0.009784053647 0.01087140804 0.01193324383 0.01308176915 0.01412760957 0.01319803885 0.01614886741 0.01665149044 0.01756244125 0.01850000738 0.01942196945 0.020387906 0.02148952994 0.02278540672 0.02421936436 0.02592486781 0.02788763392 0.03038510488 0.03293424097 0.03485927074 0.03666312815
0.01284707222 0.006623757506 0 0 0 0 0 0 0 0 0 0 0 0 0 0 0 0 0 0 0 0 0 0 0 0 0 0 0 0 0.004888251477 0.00727629765 0.007754540469 0.008181262638 0.008555574143 0.009388553028 0.01053533168 0.01164238915 0.01272108155 0.01375270178 0.01453796073 0.01714992298 0.01618186526 0.01715699545 0.01834379032 0.01937013944 0.02037504633 0.02142770947 0.02260614204 0.02394137397 0.02542901575 0.0270589477 0.02885232933 0.03094883126 0.03321978605 0.0353481662 0.03813654328
0.01447985811 0.009316146075 0 0 0 0 0 0 0 0 0 0 0 0 0 0 0 0 0 0 0 0 0 0 0 0 0 0 0 0 0.005871191122 0.008674892059 0.009159156171 0.009583906669 0.009949364334 0.01028456612 0.01132743619 0.01244625259 0.01351843454 0.01453800881 0.01561817481 0.01649594655 0.01485934033 0.01807757006 0.01917099443 0.02030814954 0.02125948083 0.02233366135 0.02355128865 0.02493833176 0.02651464425 0.02829477768 0.03028493087 0.03245316917 0.03469414343 0.0368396851 0.03935103188
0.01680949589 0.01126433527 0 0 0 0 0 0 0 0 0 0 0 0 0 0 0 0 0 0 0 0 0 0 0 0 0 0 0 0 0.006894006555 0.01013179451 0.01062380319 0.01104653158 0.01140072968 0.0116899875 0.01216851196 0.01329388022 0.01436414355 0.0153907786 0.01634775246 0.01696140035 0.01950159111 0.01767364428 0.02091046203 0.02113122047 0.02202864358 0.0230981389 0.0243220267 0.02574499012 0.02739760189 0.02931164011 0.03151281984 0.03400092414 0.03671431836 0.03947054704 0.04190538461
0.01918822609 0.0130453465 0 0 0 0 0 0 0 0 0 0 0 0 0 0 0 0 0 0 0 0 0 0 0 0 0 0 0 0 0.007963613995 0.0116569365 0.01215838866 0.01257854764 0.01291800127 0.01318102372 0.01337606189 0.01419713259 0.01525934246 0.01626688919 0.01723266909 0.01835601921 0.01950271239 0.02274517716 0.02084213624 0.02166115572 0.02270987703 0.02369261016 0.02489399376 0.02632307258 0.02801852184 0.0300350936 0.0324373233 0.03529151652 0.03863237646 0.04235674047 0.04594011938
0.02161003006 0.01480323846 0 0 0 0 0 0 0 0 0 0 0 0 0 0 0 0 0 0 0 0 0 0 0 0 0 0 0 0 0.009087720812 0.01326173121 0.01377504558 0.01419240013 0.01451301553 0.01474123592 0.01488770494 0.01520796577 0.01620831392 0.01718639486 0.01814504503 0.01913043049 0.02027377852 0.02120742996 0.01914346896 0.02295843805 0.02315200313 0.02408317807 0.02524691491 0.02663743376 0.0283219953 0.03037482618 0.03290521969 0.03606847122 0.04007184884 0.04512403653 0.0511029422
0.02413304567 0.0166169739 0 0 0 0 0 0 0 0 0 0 0 0 0 0 0 0 0 0 0 0 0 0 0 0 0 0 0 0 0.01027451203 0.01495886945 0.01548853178 0.01590459369 0.01620241001 0.01638508739 0.01646579882 0.01651068198 0.01722365454 0.0181417183 0.01900673955 0.01984942112 0.02063458592 0.02102124739 0.02422238419 0.0223727208 0.02324910975 0.024326322 0.02535932831 0.02666506478 0.02826754681 0.03025012005 0.0327573546 0.03601997192 0.04042608377 0.04667067567 0.05591325202
0.02685184487 0.01856827659 0 0 0 0 0 0 0 0 0 0 0 0 0 0 0 0 0 0 0 0 0 0 0 0 0 0 0 0 0.01153134509 0.01676111609 0.01731655037 0.01773755444 0.01801018758 0.01813385021 0.01812526396 0.01801593475 0.01832553358 0.01914967601 0.01988855374 0.02056359152 0.02117845937 0.02194156317 0.02260384268 0.02023509341 0.02416629646 0.02427595744 0.02521767196 0.02641434961 0.02784765248 0.02962286064 0.03189434615 0.03490634315 0.03909763702 0.04538513651 0.05630765665
0.02991599165 0.02077690726 0 0 0 0 0 0 0 0 0 0 0 0 0 0 0 0 0 0 0 0 0 0 0 0 0 0 0 0 0.01286096566 0.01867771504 0.01928008031 0.0197235001 0.0199726806 0.02001945241 0.01988802569 0.01962566699 0.01965671538 0.02024151673 0.02082676344 0.0213320914 0.02179454109 0.02219932332 0.02219432735 0.02519233873 0.02299367155 0.02380622833 0.02491809289 0.02593583664 0.02709994986 0.02851965569 0.03033783541 0.03272115622 0.03680386618 0.04366005583 0.05654442581
0.03357353252 0.02345180238 0 0 0 0 0 0 0 0 0 0 0 0 0 0 0 0 0 0 0 0 0 0 0 0 0 0 0 0 0.01425115002 0.02070502975 0.02140463494 0.02191368056 0.02214849375 0.02209020974 0.02178402996 0.02130884058 0.02112785924 0.0214441402 0.02184268355 0.02215277019 0.02240551825 0.02260901534 0.02297412473 0.02317887911 0.02012311713 0.02387816091 0.02452851976 0.02536428289 0.02607408166 0.02703022782 0.02824521754 0.03057514329 0.0339768481 0.03940844291 0.04710366202
0.03825920161 0.02702526467 0 0 0 0 0 0 0 0 0 0 0 0 0 0 0 0 0 0 0 0 0 0 0 0 0 0 0 0 0.01564515001 0.02280270586 0.02372778734 0.02440324451 0.02463859068 0.02441779767 0.02384888836 0.02307341112 0.02270981749 0.02277746555 0.02294442326 0.02302339068 0.02305581368 0.02308131062 0.02307428499 0.02261144333 0.02479681662 0.02211994924 0.02516910417 0.02453299714 0.02481544267 0.02528863702 0.02626198202 0.02800334986 0.03082798942 0.03427976314 0.0368722484
0.04477788722 0.03265299016 0 0 0 0 0 0 0 0 0 0 0 0 0 0 0 0 0 0 0 0 0 0 0 0 0 0 0 0 0.01684813097 0.02483310077 0.02634111874 0.02740198513 0.02762106251 0.02709724894 0.02611231627 0.02495278677 0.02440302843 0.02425051559 0.02412944638 0.0239369222 0.02372105929 0.02351320799 0.0233276755 0.02342396324 0.02362176984 0.0265197915 0.02331995456 0.02331655655 0.0234550969 0.02342478069 0.02416572431 0.02552066663 0.02747784304 0.02922585109 0.03005452474
0.05107226392 0.0471481846 0 0 0 0 0 0 0 0 0 0 0 0 0 0 0 0 0 0 0 0 0 0 0 0 0 0 0 0 0.01717414004 0.02642752551 0.02962253932 0.03142392839 0.0313624879 0.0302165793 0.02856907012 0.02721460836 0.02622285326 0.02585457708 0.02538015789 0.02487050162 0.02437194958 0.02391800722 0.0235575479 0.02333464475 0.02339902535 0.02329148012 0.01997365718 0.02293381922 0.02192825182 0.02155161129 0.02196347521 0.0230432392 0.02419555386 0.02501171954 0.02512012439
0.05311286472 0.04962306231 0.02619205552 0 0 0 0 0 0 0 0 0 0 0 0 0 0 0 0 0 0 0 0 0 0 0 0 0 0 0 0.01562642944 0.03011406756 0.03651599246 0.03730936448 0.03609564139 0.0337725034 0.03124923318 0.02963026266 0.02841219992 0.02755400928 0.02665923293 0.02578890252 0.02497803429 0.02424904654 0.02361736746 0.02308992475 0.02258525135 0.02164140205 0.02359405535 0.02058592172 0.02022206152 0.01977786861 0.01981828529 0.02058157257 0.02120860357 0.02151184045 0.02129672558
0.05673164862 0.05852101992 0.0401283043 0 0 0 0 0 0 0 0 0 0 0 0 0 0 0 0 0 0 0 0 0 0 0 0 0 0 0 0 0.04158711758 0.04804458459 0.04546672305 0.04175088764 0.03754024028 0.03467321361 0.03216947714 0.03072365791 0.02927775082 0.02790672622 0.02664419277 0.0255019343 0.02447987121 0.02356886619 0.02274272619 0.02194699107 0.0213450362 0.02064637925 0.01726078461 0.01940212544 0.0180293628 0.01777237293 0.01824723137 0.01853616805 0.01854534296 0.01817425324
0.06429896439 0.07625752079 0.0579504052 0 0 0 0 0 0 0 0 0 0 0 0 0 0 0 0 0 0 0 0 0 0 0 0 0 0 0 0 0.04667482122 0.06264599766 0.05532293346 0.04764885252 0.0423840484 0.03798746294 0.0353258729 0.03301487871 0.03091576538 0.02904001423 0.02737630306 0.02590359409 0.02459638038 0.02342510175 0.02235482122 0.02135775677 0.02035843954 0.01895597257 0.02002064453 0.01698174851 0.01625054137 0.01590341712 0.0160845558 0.01614173347 0.01596918754 0.01552005306
0.07365529557 0.09606234127 0.1075547886 0 0 0 0 0 0 0 0 0 0 0 0 0 0 0 0 0 0 0 0 0 0 0 0 0 0 0 0 0.06298959745 0.08083272977 0.06508824416 0.05478421076 0.04683051868 0.0420756547 0.03830534807 0.03508154279 0.03232485087 0.02995898993 0.02791647017 0.02613888658 0.02457507181 0.02317849415 0.02190534492 0.02070847064 0.01952603487 0.01848399692 0.01728634765 0.0137941597 0.01511512523 0.01420769602 0.014117758 0.01396271689 0.01367683471 0.01319341585
0.08033151459 0.100720956 0.1372076049 0.1537385519 0.1196579278 0.1133588615 0.1119001631 0.1125371475 0.114308849 0.1180409529 0.1198823093 0.1187782549 0.1150919715 0.1127057229 0.1105159326 0.1079885086 0.1042538532 0.09709525084 0.07805497892 0 0 0 0 0 0 0 0 0 0 0 0 0.1165799193 0.1012494665 0.07521228151 0.06019510907 0.05204698521 0.04574132099 0.04073588922 0.03668293621 0.03334602917 0.03055742942 0.02819389124 0.02616174359 0.02438708624 0.02280905869 0.02137484164 0.02003618243 0.01875788938 0.01746479914 0.01579297169 0.01581557966 0.01300231613 0.0133485016 0.01219353166 0.01192032862 0.01159541585 0.01110628354
0.08523357044 0.1062616053 0.1348822894 0.1595678736 0.1617956829 0.1579631366 0.1572301403 0.1586503229 0.1610004514 0.1651294704 0.1733599482 0.1664197719 0.1630750758 0.1601482139 0.1574773592 0.1549504843 0.1521733891 0.1492795256 0.1535955883 0.1764735461 0.1466122291 0.14174389 0.1431144113 0.1463090225 0.149622119 0.1516677133 0.1518522205 0.1502249104 0.1467397107 0.1449135347 0.1748559135 0.1486449032 0.1053759813 0.08148817814 0.06640029541 0.0558903769 0.04815714338 0.04224376034 0.03758707651 0.03383123213 0.03073907777 0.02814547237 0.02593076144 0.02400480207 0.0222969102 0.02074946658 0.01931452403 0.01794833795 0.01660405493 0.01541000601 0.01422199967 0.01442526216 0.01143556276 0.01031716796 0.01002205132 0.0096781316 0.009203601535
0.08480567858 0.1034761347 0.1237388724 0.1404667371 0.1500537168 0.1538386036 0.1558174908 0.1575318344 0.1590908458 0.1610716923 0.1518970042 0.1646152379 0.1638907147 0.1607010473 0.1589139441 0.1579937936 0.1584159656 0.1625154287 0.1789523574 0.1988291643 0.2000730437 0.1970160475 0.2017375637 0.2082601092 0.2143300529 0.2176033249 0.2178869986 0.2162274357 0.2093284099 0.1976910753 0.1796608841 0.1439753709 0.1085439755 0.08462515408 0.06849071468 0.05715674141 0.04885202344 0.0425490982 0.03762215682 0.03367234653 0.03043469605 0.02772634166 0.02541644945 0.02340806533 0.02162684865 0.02001406703 0.01852227731 0.01711389024 0.01577433089 0.01449514211 0.0133289922 0.01197544251 0.009087729794 0.009304227857 0.008231897124 0.007890883704 0.007454824628
0.08598150882 0.1032710195 0.1212754456 0.1367213467 0.1471039141 0.1526304032 0.1553180494 0.1564039247 0.1568373886 0.1560693692 0.1554892484 0.165838627 0.1619227824 0.1603509853 0.1596223119 0.160009883 0.1622564982 0.1676205118 0.1760871268 0.1840008846 0.1878314732 0.1907008188 0.199205097 0.2105965685 0.2209023149 0.2255012846 0.2257590433 0.2261288488 0.2172594342 0.1946697425 0.1620903883 0.1311740916 0.1034199192 0.08210472971 0.0668802142 0.05592437158 0.04781628043 0.04162555481 0.03675791774 0.03282677426 0.0296153354 0.02691813137 0.02460691331 0.02258849389 0.02079154052 0.01916011685 0.01764983755 0.01622664785 0.01486447024 0.01354028638 0.01218674085 0.01055792532 0.0100905172 0.007768227911 0.006656449688 0.006249724966 0.005842795373
0.09036188868 0.1090709586 0.1291162746 0.1451009613 0.1534868397 0.1558158836 0.1559896925 0.1556953016 0.1550473546 0.1540945124 0.1537252293 0.1450034513 0.1589022374 0.1596487002 0.1590028359 0.1604449525 0.163313648 0.1675994346 0.1726618249 0.1769783682 0.1790518115 0.1830446348 0.1910678129 0.2125205086 0.2373696456 0.239302205 0.2360994528 0.2441451397 0.2427906142 0.2060332878 0.1611290115 0.1261890158 0.09984994384 0.0803607103 0.06610961604 0.05560717265 0.04769603395 0.04157547564 0.03670953957 0.03273851309 0.02945871934 0.02667173001 0.02425369927 0.02211482195 0.02018688452 0.0184171054 0.01676406134 0.01527899969 0.01391552325 0.01257138984 0.01120367631 0.00986915199 0.008414804447 0.006043520102 0.005837396355 0.004731926597 0.004350969885
