GIS/Analysis1_curmap_1_2.asc
ncols         189
nrows         76
xllcorner     -82.0516422641
yllcorner     26.6822565333
cellsize      0.005
NODATA_value  -1
[rows 26 to 51 of 76, columns 57 to 113 of 189]
0.09162878129 0.113426147 0.1426242794 0.1665989683 0.1662834132 0.1599118938 0.156961408 0.1552503218 0.1537915531 0.1521414631 0.149403728 0.1468292117 0.1577089106 0.1551037924 0.1569678384 0.1595957027 0.1627320189 0.166341948 0.1699723463 0.1726980544 0.173491456 0.174631315 0.1743791358 0.1814438099 0.2101003561 0.1754866887 0.1714564633 0.1807455273 0.232337278 0.206713223 0.1505913259 0.1179180118 0.09544714929 0.07867749445 0.06590481408 0.05608405093 0.04843490463 0.04237306028 0.03747357589 0.03343147063 0.03002762286 0.02710308481 0.02454094338 0.0222538905 0.02017575701 0.01825569592 0.01645403417 0.01482344062 0.01331928416 0.01184712531 0.01038970567 0.008938377425 0.007412911573 0.006593050028 0.004729218399 0.003630555038 0.002984935146
0.08732168224 0.1119326026 0.1487917248 0.1626485464 0.1230992166 0.1144764229 0.111227364 0.1095407137 0.1082058688 0.106707173 0.1048632063 0.1026078674 0.09434576915 0.1060091901 0.1096562218 0.1121570127 0.1144968227 0.1168878022 0.1191416483 0.1207416771 0.1210153579 0.1195638098 0.1131928327 0.09200932345 0 0 0 0 0 0.1610158264 0.1422086849 0.1066851094 0.08577707213 0.07310975453 0.06281436528 0.05444789068 0.04763334655 0.04204275676 0.03740456833 0.03350312509 0.03017104047 0.02727954638 0.02472959679 0.02244466953 0.02036524885 0.01844468827 0.01664612314 0.01494015941 0.01330343138 0.01171840016 0.01017073281 0.008671729366 0.007302038182 0.005887945264 0.003712591482 0.002924644991 0.00185857244
0.08438941414 0.109237262 0.1231171003 0 0 0 0 0 0 0 0 0 0 0 0 0 0 0 0 0 0 0 0 0 0 0 0 0 0 0.08688771808 0.1122730599 0.09186337934 0.07740593989 0.06547496659 0.05780587917 0.05127423614 0.04562554269 0.04077700265 0.03661305046 0.03301662044 0.02988241867 0.02712091136 0.02465808824 0.02243362947 0.02039868556 0.01851381827 0.01674726371 0.0150736082 0.0134729704 0.0119305573 0.01043740125 0.008995084703 0.007587721105 0.006236898383 0.00502259916 0.002525798433 0.001482554708
0.07801702603 0.09287302236 0.07092888372 0 0 0 0 0 0 0 0 0 0 0 0 0 0 0 0 0 0 0 0 0 0 0 0 0 0 0.06284552119 0.08660321938 0.07849989734 0.0677041619 0.05973772911 0.05255803937 0.04719383842 0.04281055514 0.03882763846 0.03525815849 0.03207281014 0.02922575577 0.02666761496 0.02435156023 0.0222357992 0.02028425649 0.01846645198 0.016757074 0.01513553689 0.0135856861 0.01209580175 0.01065906271 0.009272425002 0.007941703716 0.006713818649 0.00544518235 0.00382476418 0.001598532204
0.06929066158 0.07471682939 0.0538727357 0 0 0 0 0 0 0 0 0 0 0 0 0 0 0 0 0 0 0 0 0 0 0 0 0 0 0.04990889293 0.07033850486 0.06691635009 0.06081641079 0.05397691547 0.04841739069 0.04365632279 0.0395716533 0.03645424093 0.03351528374 0.03079020669 0.02828120181 0.0259738391 0.0238464738 0.02187540716 0.02003759988 0.0183120294 0.01668032134 0.01512703383 0.01363981833 0.01220959102 0.01083062772 0.009501009309 0.008223822867 0.006990019633 0.005788717869 0.004864484816 0.002734045492
0.0609420049 0.06305247803 0.0445930078 0 0 0 0 0 0 0 0 0 0 0 0 0 0 0 0 0 0 0 0 0 0 0 0 0 0 0.04170955845 0.05931306151 0.05782763904 0.05430382201 0.04975393573 0.04495447981 0.0406503243 0.03725166931 0.03403607628 0.0315497584 0.02928724219 0.0271332268 0.02509965304 0.02318539042 0.02138240355 0.01967950718 0.01806460921 0.01652605209 0.01505341004 0.01363797973 0.01227308632 0.01095426019 0.009679200218 0.008446129452 0.007338302663 0.006692813331 0.006048627991 0.004895465249
0.05424366198 0.05497263654 0.03858228878 0 0 0 0 0 0 0 0 0 0 0 0 0 0 0 0 0 0 0 0 0 0 0 0 0 0 0.03601032794 0.05140857836 0.05080308301 0.04871061221 0.04566978086 0.04218178612 0.03860978607 0.03517311184 0.03246115986 0.02999556449 0.02767562994 0.02586129439 0.02410432932 0.02241222668 0.02078911955 0.01923358577 0.01774123355 0.01630638735 0.01492318089 0.01358625552 0.01229118877 0.0110346863 0.009852366924 0.008959323107 0.00827658615 0.007642062369 0.007079610569 0.006339350204
0.0489070926 0.04899998478 0.03427004698 0 0 0 0 0 0 0 0 0 0 0 0 0 0 0 0 0 0 0 0 0 0 0 0 0 0 0.03181127524 0.04548938155 0.04531043041 0.04404252617 0.04198330744 0.03944827158 0.03670285472 0.03393731246 0.03127139191 0.0287708908 0.02680655941 0.02493603684 0.02316904285 0.02156855285 0.02012746548 0.01872415327 0.01736032675 0.01603525448 0.01474696108 0.0134930233 0.01238586239 0.01138483695 0.01060110816 0.00987380333 0.009195572001 0.008559527012 0.00796388096 0.007133376504
0.04456547621 0.04434515031 0.0309594235 0 0 0 0 0 0 0 0 0 0 0 0 0 0 0 0 0 0 0 0 0 0 0 0 0 0 0.02858951572 0.04090602212 0.04094163013 0.04016718138 0.03875362386 0.03690057705 0.03479464122 0.03258621676 0.03038347082 0.02825669791 0.02624667393 0.02437316836 0.02270101444 0.02122331771 0.01981749959 0.01848357354 0.01721866819 0.01601841025 0.0148778278 0.01390669746 0.01302377254 0.01220612509 0.01144674829 0.01073859152 0.01007368155 0.009440454526 0.00880276583 0.008137882169
0.04093948116 0.04056038591 0.02828935622 0 0 0 0 0 0 0 0 0 0 0 0 0 0 0 0 0 0 0 0 0 0 0 0 0 0 0.02604199285 0.03726229262 0.0374069832 0.03693823098 0.03595768151 0.03459357805 0.03297569747 0.03121808925 0.02941097475 0.02761975259 0.02588803985 0.02424222585 0.02269604033 0.02125445761 0.01991673935 0.01867867063 0.01753412868 0.01647612697 0.01549747899 0.01459116959 0.01375051563 0.01296916574 0.01224094329 0.01155950721 0.0109176344 0.01030539354 0.009713656103 0.009149398242
0.03783465221 0.03737672767 0.0260537199 0 0 0 0 0 0 0 0 0 0 0 0 0 0 0 0 0 0 0 0 0 0 0 0 0 0 0.02397958548 0.03430304872 0.03450207922 0.03422862077 0.0335449205 0.03253487138 0.0312888774 0.02989187734 0.0284161049 0.02691827394 0.02543987254 0.02400917078 0.02264385959 0.02135365873 0.020142584 0.01901076702 0.01795583744 0.0169739258 0.0160603544 0.01521009227 0.01441801985 0.013679054 0.01298815916 0.0123402779 0.01173025834 0.01115360853 0.01060952092 0.01010506578
0.03511810429 0.03462528523 0.02412695017 0 0 0 0 0 0 0 0 0 0 0 0 0 0 0 0 0 0 0 0 0 0 0 0 0 0 0.02227755351 0.03185649838 0.0320807621 0.03193560584 0.03146007838 0.03071005124 0.02974894461 0.02863962378 0.02743870026 0.02619345163 0.02494091415 0.02370842459 0.02251493925 0.02137263452 0.02028846958 0.01926556083 0.01830431176 0.0174032938 0.01655990672 0.01577084725 0.01503244289 0.01434087083 0.0136923195 0.01308315304 0.01251026255 0.01197191415 0.01146912199 0.01100660508
0.03269892974 0.03219637964 0.02242901334 0 0 0 0 0 0 0 0 0 0 0 0 0 0 0 0 0 0 0 0 0 0 0 0 0 0 0.02084991334 0.02980257386 0.03003653083 0.02997796099 0.02965181691 0.02909591456 0.02835515012 0.02747604756 0.02650249702 0.02547301543 0.02441943517 0.02336669194 0.02233332746 0.02133236763 0.02037232484 0.01945817429 0.0185922236 0.01777484034 0.01700503275 0.01628090964 0.01560003494 0.01495970622 0.01435720634 0.01379008038 0.01325652741 0.01275595385 0.01228953114 0.01186033316
0.03051442885 0.03001684667 0.02090714055 0 0 0 0 0 0 0 0 0 0 0 0 0 0 0 0 0 0 0 0 0 0 0 0 0 0 0.01963521547 0.02805465518 0.02829022075 0.02829173482 0.0280753429 0.02766699739 0.0270987786 0.02640521442 0.02562016883 0.02477459731 0.02389521614 0.02300395541 0.02211799409 0.02125015998 0.02040952032 0.01960203443 0.01883118689 0.01809855917 0.01740432145 0.01674765007 0.01612707466 0.01554078075 0.01498689396 0.01446377705 0.01397036073 0.01350648817 0.01307315645 0.01267249651
0.02852078721 0.02803671146 0.0195255483 0 0 0 0 0 0 0 0 0 0 0 0 0 0 0 0 0 0 0 0 0 0 0 0 0 0 0.01858821905 0.02654853252 0.02678182478 0.02682634902 0.02669261102 0.02639861475 0.02596747826 0.0254249302 0.02479705774 0.02410854015 0.02338145642 0.02263463245 0.02188342927 0.02113985017 0.02041284332 0.01970870564 0.0190315226 0.0183835992 0.01776585723 0.01717819574 0.0166198152 0.01608951381 0.01558597415 0.01510804449 0.01465501329 0.01422685066 0.01382435441 0.01344913532
0.02668682339 0.02622102508 0.01825932764 0 0 0 0 0 0 0 0 0 0 0 0 0 0 0 0 0 0 0 0 0 0 0 0 0 0 0.0176747424 0.02523546043 0.0254650142 0.02554147157 0.02547164506 0.02526811299 0.02494765001 0.02452950695 0.02403378195 0.02348005779 0.02288639545 0.02226868776 0.0216403366 0.02101219007 0.02039265079 0.01978790263 0.01920219686 0.01863816166 0.01809711031 0.01757934417 0.01708444073 0.01661153166 0.01615957547 0.01572762056 0.01531505311 0.0149218011 0.01454846627 0.01419635614
0.02498981622 0.02454470736 0.01709067091 0 0 0 0 0 0 0 0 0 0 0 0 0 0 0 0 0 0 0 0 0 0 0 0 0 0 0.01686835035 0.0240776222 0.02430338362 0.02440460509 0.02438562641 0.02425525693 0.02402572488 0.02371148254 0.02332802536 0.02289085023 0.02241462978 0.0219126216 0.02139631554 0.02087526954 0.02035709987 0.01984758279 0.0193508195 0.01886944648 0.01840486818 0.01795750082 0.01752702171 0.01711262452 0.01671327666 0.01632797488 0.01595598542 0.01559705223 0.01525154935 0.01492056231
0.02341272407 0.02298924469 0.0160064638 0 0 0 0 0 0 0 0 0 0 0 0 0 0 0 0 0 0 0 0 0 0 0 0 0 0 0.01614818503 0.02304511617 0.02326786075 0.02338927581 0.02341201219 0.02334221266 0.02318880325 0.022962655 0.02267572371 0.02234025588 0.0219681167 0.0215702764 0.02115645805 0.02073492626 0.02031240266 0.01989407812 0.01948368835 0.01908364469 0.01869519714 0.01831862617 0.01795345443 0.01759867733 0.0172530141 0.0169151617 0.01658405285 0.01625908832 0.01594033194 0.01562864711
0.02194234306 0.02154051623 0.01499673664 0 0 0 0 0 0 0 0 0 0 0 0 0 0 0 0 0 0 0 0 0 0 0 0 0 0 0.01549747508 0.02211386193 0.02233485802 0.02247366912 0.02253176 0.02251335002 0.0224249318 0.02227468302 0.02207183378 0.02182605593 0.02154692463 0.02124347251 0.02092385358 0.02059511802 0.02026307678 0.01993224754 0.01960586943 0.0192859605 0.01897342588 0.01866819689 0.01836940853 0.01807561045 0.01778501001 0.01749574576 0.01720617492 0.01691515478 0.01662230038 0.01632818788
0.02056809667 0.02018738658 0.01405364442 0 0 0 0 0 0 0 0 0 0 0 0 0 0 0 0 0 0 0 0 0 0 0 0 0 0 0.0149024796 0.02126413662 0.02148495481 0.02163960417 0.02172868409 0.02175499073 0.0217231963 0.02163943462 0.02151083319 0.02134504029 0.02114978773 0.02093250178 0.02069999643 0.02045823352 0.02021215947 0.0199656076 0.0197212522 0.0194806146 0.01924411242 0.01901115256 0.01878027056 0.01854932308 0.018315733 0.01807678654 0.01782997314 0.01757334345 0.01730585587 0.01702766759
0.01928122714 0.01892079201 0.01317082367 0 0 0 0 0 0 0 0 0 0 0 0 0 0 0 0 0 0 0 0 0 0 0 0 0 0 0.01435175127 0.02047951632 0.02070193425 0.02087176575 0.02098894007 0.02105516389 0.0210737201 0.02104917721 0.02098704254 0.02089339176 0.02077449831 0.02063649716 0.02048509531 0.02032532857 0.02016137634 0.01999642827 0.0198325888 0.01967083249 0.01951099756 0.01935182641 0.01919106665 0.01902563521 0.01885187044 0.01866586027 0.01846385884 0.01824275103 0.01800053286 0.01773673477
0.018074295 0.01773313532 0.01234295361 0 0 0 0 0 0 0 0 0 0 0 0 0 0 0 0 0 0 0 0 0 0 0 0 0 0 0.01383557521 0.0197460937 0.01997205858 0.02015711397 0.02030061573 0.02040338802 0.02046762069 0.02049667613 0.02049482495 0.02046694072 0.02041818378 0.02035369218 0.02027830309 0.02019631272 0.02011126875 0.02002580439 0.01994150532 0.01985880423 0.0197769211 0.01969383962 0.01960635438 0.0195102012 0.01940029551 0.01927110959 0.01911717983 0.0189337297 0.01871734487 0.0184666048
0.0169408261 0.01661789734 0.01156549052 0 0 0 0 0 0 0 0 0 0 0 0 0 0 0 0 0 0 0 0 0 0 0 0 0 0 0.01334553125 0.01905187354 0.01928353194 0.01948445428 0.01965342742 0.01979049947 0.01989696742 0.01997525877 0.02002872121 0.0200613535 0.02007751345 0.02008162144 0.02007789123 0.02007008061 0.02006127194 0.02005367813 0.02004846425 0.02004559184 0.02004368538 0.02003993435 0.02003005959 0.02000837655 0.01996801005 0.01990129928 0.0198004228 0.01965824016 0.01946926053 0.01923060089
0.01587509335 0.01556936753 0.0108344623 0 0 0 0 0 0 0 0 0 0 0 0 0 0 0 0 0 0 0 0 0 0 0 0 0 0 0.01287414551 0.01838630387 0.01862609099 0.01884412151 0.01903851538 0.01920855392 0.01935476583 0.01947886405 0.01958355194 0.0196722577 0.0197488322 0.01981725465 0.01988136065 0.01994458887 0.02000975172 0.02007881592 0.02015268581 0.02023098831 0.02031185685 0.02039173131 0.02046520714 0.02052498489 0.02056200361 0.02056583829 0.02052545436 0.02043033021 0.02027187664 0.02004493095
0.01487196465 0.01458249903 0.01014637154 0 0 0 0 0 0 0 0 0 0 0 0 0 0 0 0 0 0 0 0 0 0 0 0 0 0 0.01241456741 0.01773986075 0.01799068928 0.01822777837 0.01844833934 0.01865079401 0.01883497775 0.01900209484 0.01915449031 0.01929532962 0.01942825774 0.01955708704 0.01968552328 0.0198169141 0.01995401816 0.02009877053 0.02025203457 0.02041331899 0.02058047457 0.02074935765 0.02091351126 0.02106392174 0.02118896636 0.02127471968 0.02130578245 0.02126677288 0.02114440873 0.02092988373
0.01392680821 0.01365279177 0.009498130234 0 0 0 0 0 0 0 0 0 0 0 0 0 0 0 0 0 0 0 0 0 0 0 0 0 0 0.01196021148 0.01710365022 0.01736926707 0.01762834161 0.01787670812 0.01811172352 0.0183325972 0.01854028634 0.01873712231 0.01892635703 0.01911174521 0.01929720684 0.01948655857 0.01968328684 0.0198903251 0.02010982522 0.02034288089 0.02058919698 0.02084667994 0.02111094569 0.02137476262 0.02162750193 0.02185473391 0.02203823713 0.02215676434 0.02218790061 0.02211111471 0.0219116239
